text 1 143 162 6 11
text 1 137 162 7 11
text 1 107 162 13 10
text 1 59 162 8 10
text 1 11 162 13 11
text 1 92 160 16 12
text 1 70 160 21 14
text 1 180 148 13 11
text 1 169 148 13 10
text 1 89 148 7 10
text 1 78 148 8 10
text 1 10 148 14 10
text 1 99 146 26 15
text 1 44 146 31 15
text 1 127 145 22 14
text 1 27 145 14 14
text 1 181 134 20 14
text 1 164 134 13 10
text 1 151 134 10 10
text 1 123 134 26 10
text 1 110 134 11 12
text 1 102 134 10 10
text 1 79 134 7 10
text 1 52 134 22 10
text 1 32 134 17 10
text 1 9 134 7 10
text 1 21 133 8 11
text 1 91 131 8 14
text 1 244 120 8 10
text 1 226 120 13 10
text 1 189 120 31 11
text 1 99 120 18 14
text 1 28 120 16 10
text 1 9 118 17 12
text 1 155 117 33 14
text 1 79 117 17 14
text 1 49 117 28 14
text 1 227 106 7 10
text 1 221 106 7 10
text 1 212 106 7 10
text 1 127 106 8 10
text 1 74 106 11 12
text 1 66 106 10 10
text 1 110 105 15 11
text 1 138 104 17 12
text 1 87 104 21 12
text 1 180 103 23 15
text 1 158 103 20 14
text 1 47 103 15 15
text 1 9 103 35 17
text 1 133 92 7 10
text 1 123 92 7 10
text 1 82 92 11 12
text 1 73 92 11 10
text 1 9 92 15 12
text 1 93 89 22 14
text 1 45 89 27 17
text 1 26 89 17 17
text 1 118 78 14 11
text 1 108 78 7 10
text 1 51 77 18 10
text 1 30 76 18 14
text 1 71 75 33 15
text 1 9 75 20 14
text 1 137 63 13 11
text 1 128 63 7 11
text 1 62 63 28 10
text 1 92 61 27 14
text 1 41 61 17 17
text 1 9 61 31 15
text 1 131 50 6 11
text 1 124 50 8 10
text 1 115 50 7 10
text 1 37 50 18 10
text 1 81 47 26 14
text 1 58 47 22 14
text 1 9 46 26 18
text 1 237 35 6 12
text 1 228 35 6 11
text 1 202 33 17 12
text 1 182 33 18 14
text 1 160 33 20 12
text 1 128 33 28 12
text 1 116 33 8 14
text 1 94 33 18 15
text 1 77 33 15 12
text 1 51 33 23 14
text 1 30 33 18 12
text 1 9 33 17 17
text 1 175 21 6 11
text 1 165 21 7 11
text 1 142 21 15 14
text 1 81 21 20 14
text 1 58 21 22 10
text 1 45 21 10 12
text 1 38 21 8 10
text 1 120 19 18 15
text 1 102 18 16 17
text 1 9 18 26 14
text 1 232 7 6 11
text 1 189 7 23 14
text 1 171 7 15 14
text 1 30 7 13 10
text 1 151 6 14 12
text 1 112 5 38 14
text 1 82 4 27 14
text 1 45 4 34 17
text 1 9 4 20 14
